EL PASO NORTH MAINLINE	EL PASO SOUTH MAINLINE	
SJ Triangle	SJ West	Maricopa Crossover	North EOCs	New Generation	Hackberry	Havasu Croosover	SWG Topock	SoCal Topock	PG&E Topck	Mojave Topock	Keystone West	Waha West	Cornudas West	New Generation	Samalyuca	South EOCs	Fuel	Total Crossovers	SoCal Ehrenberg	
1-May	2,473,118 	2,250,029 	134,562 	54,638 	0 	2,060,829 	459,258 	109,933 	484,491 	786,525 	220,622 	896,719 	550,049 	1,446,768 	0 	81,293 	832,383 	79,705 	593,820 	1,047,207 	
2-May	2,442,025 	2,241,854 	136,256 	46,260 	0 	2,059,338 	470,512 	119,805 	511,576 	741,693 	215,752 	897,155 	550,029 	1,447,184 	0 	91,147 	804,615 	93,970 	606,768 	1,064,220 	
3-May	2,551,870 	2,221,917 	132,264 	59,624 	0 	2,030,029 	503,233 	114,169 	486,400 	733,150 	193,077 	856,293 	718,949 	1,575,242 	0 	79,203 	793,058 	94,012 	635,497 	1,244,466 	
4-May	2,752,731 	2,235,621 	133,292 	72,300 	0 	2,030,029 	478,295 	107,669 	495,880 	748,087 	200,098 	886,917 	750,029 	1,636,946 	0 	94,897 	882,664 	97,120 	611,587 	1,173,852 	
5-May	2,433,372 	2,127,730 	131,409 	88,504 	0 	1,907,817 	571,403 	107,426 	427,474 	557,565 	243,949 	654,918 	732,769 	1,387,687 	0 	98,358 	722,462 	92,333 	702,812 	1,177,346 	
6-May	2,540,021 	2,161,401 	132,504 	70,781 	0 	1,958,116 	571,067 	105,366 	404,575 	643,501 	233,607 	810,893 	507,844 	1,318,737 	0 	99,349 	778,377 	94,718 	703,571 	1,049,864 	
7-May	2,561,041 	2,115,029 	131,725 	46,309 	0 	1,936,995 	524,180 	99,270 	478,980 	646,294 	188,271 	664,704 	741,559 	1,406,263 	0 	91,630 	751,926 	89,170 	655,905 	1,129,442 	181,000 	
8-May	2,674,794 	2,115,009 	131,359 	42,432 	0 	1,941,218 	425,208 	100,863 	455,750 	793,836 	165,561 	660,288 	750,028 	1,410,316 	0 	82,993 	732,107 	82,134 	556,567 	1,069,649 	131,000 	
9-May	2,702,648 	2,222,543 	135,267 	77,247 	0 	2,010,029 	490,434 	93,989 	443,435 	835,726 	146,445 	675,029 	745,804 	1,420,833 	0 	84,451 	812,588 	83,673 	625,701 	1,065,822 	86,000 	
10-May	2,702,901 	2,208,216 	134,242 	63,965 	0 	2,010,009 	528,320 	85,036 	445,346 	797,000 	154,307 	675,009 	716,156 	1,391,165 	0 	79,259 	823,455 	81,495 	662,562 	1,069,518 	86,000 	
11-May	2,708,994 	2,192,172 	133,690 	48,473 	0 	2,010,009 	584,537 	91,394 	405,281 	754,845 	173,952 	640,009 	697,341 	1,337,350 	0 	71,039 	909,670 	85,000 	718,227 	989,868 	86,000 	
12-May	2,500,000 	2,160,000 	90,000 	60,000 	0 	2,010,000 	516,000 	110,000 	450,000 	764,000 	170,000 	640,000 	734,000 	1,374,000 	0 	85,000 	790,000 	85,000 	606,000 	1,020,000 	86,000 	
13-May	2,500,000 	2,160,000 	90,000 	60,000 	0 	2,010,000 	516,000 	110,000 	450,000 	764,000 	170,000 	640,000 	734,000 	1,374,000 	0 	85,000 	790,000 	85,000 	606,000 	1,020,000 	86,000 	
14-May	2,500,000 	2,160,000 	90,000 	60,000 	0 	2,010,000 	516,000 	110,000 	450,000 	764,000 	170,000 	640,000 	734,000 	1,374,000 	0 	85,000 	790,000 	85,000 	606,000 	1,020,000 	86,000 	
15-May	2,500,000 	2,160,000 	90,000 	60,000 	0 	2,010,000 	516,000 	110,000 	450,000 	764,000 	170,000 	640,000 	734,000 	1,374,000 	0 	85,000 	790,000 	85,000 	606,000 	1,020,000 	86,000 	
16-May	2,500,000 	2,160,000 	90,000 	60,000 	0 	2,010,000 	516,000 	110,000 	450,000 	764,000 	170,000 	640,000 	734,000 	1,374,000 	0 	85,000 	790,000 	85,000 	606,000 	1,020,000 	86,000 	
17-May	2,500,000 	2,160,000 	90,000 	60,000 	0 	2,010,000 	516,000 	110,000 	450,000 	764,000 	170,000 	675,000 	699,000 	1,374,000 	0 	85,000 	790,000 	85,000 	606,000 	1,020,000 	86,000 	
18-May	2,500,000 	2,160,000 	90,000 	60,000 	0 	2,010,000 	516,000 	110,000 	450,000 	764,000 	170,000 	675,000 	699,000 	1,374,000 	0 	85,000 	790,000 	85,000 	606,000 	1,020,000 	86,000 	
19-May	2,500,000 	2,160,000 	90,000 	60,000 	0 	2,010,000 	516,000 	110,000 	450,000 	764,000 	170,000 	675,000 	699,000 	1,374,000 	0 	85,000 	790,000 	85,000 	606,000 	1,020,000 	86,000 	
20-May	2,500,000 	2,160,000 	90,000 	60,000 	0 	2,010,000 	516,000 	110,000 	450,000 	764,000 	170,000 	675,000 	699,000 	1,374,000 	0 	85,000 	790,000 	85,000 	606,000 	1,020,000 	86,000 	
21-May	2,500,000 	2,250,000 	180,000 	60,000 	0 	2,010,000 	451,000 	110,000 	500,000 	729,000 	220,000 	650,000 	699,000 	1,349,000 	0 	85,000 	790,000 	85,000 	631,000 	1,020,000 	21,000 	
22-May	2,500,000 	2,250,000 	180,000 	60,000 	0 	2,010,000 	430,000 	110,000 	500,000 	750,000 	220,000 	650,000 	720,000 	1,370,000 	0 	85,000 	790,000 	85,000 	610,000 	1,020,000 	
23-May	2,500,000 	2,250,000 	180,000 	60,000 	0 	2,010,000 	430,000 	110,000 	500,000 	750,000 	220,000 	650,000 	720,000 	1,370,000 	0 	85,000 	790,000 	85,000 	610,000 	1,020,000 	
24-May	2,500,000 	2,250,000 	180,000 	60,000 	0 	2,010,000 	430,000 	110,000 	500,000 	750,000 	220,000 	650,000 	720,000 	1,370,000 	0 	85,000 	790,000 	85,000 	610,000 	1,020,000 	
25-May	2,500,000 	2,250,000 	180,000 	60,000 	0 	2,010,000 	430,000 	110,000 	500,000 	750,000 	220,000 	650,000 	720,000 	1,370,000 	0 	85,000 	790,000 	85,000 	610,000 	1,020,000 	
26-May	2,500,000 	2,250,000 	180,000 	60,000 	0 	2,010,000 	430,000 	110,000 	500,000 	750,000 	220,000 	650,000 	720,000 	1,370,000 	0 	85,000 	790,000 	85,000 	610,000 	1,020,000 	
27-May	2,500,000 	2,250,000 	180,000 	60,000 	0 	2,010,000 	430,000 	110,000 	500,000 	750,000 	220,000 	650,000 	720,000 	1,370,000 	0 	85,000 	790,000 	85,000 	610,000 	1,020,000 	
28-May	2,500,000 	2,250,000 	180,000 	60,000 	0 	2,010,000 	430,000 	110,000 	500,000 	750,000 	220,000 	810,000 	590,000 	1,400,000 	0 	85,000 	790,000 	85,000 	610,000 	1,050,000 	
29-May	2,500,000 	2,250,000 	180,000 	60,000 	0 	2,010,000 	430,000 	110,000 	500,000 	750,000 	220,000 	700,000 	700,000 	1,400,000 	0 	85,000 	790,000 	85,000 	610,000 	1,050,000 	
30-May	2,500,000 	2,250,000 	180,000 	60,000 	0 	2,010,000 	430,000 	110,000 	500,000 	750,000 	220,000 	700,000 	700,000 	1,400,000 	0 	85,000 	790,000 	85,000 	610,000 	1,050,000 	
31-May	2,500,000 	2,250,000 	180,000 	60,000 	0 	2,010,000 	430,000 	110,000 	500,000 	750,000 	220,000 	700,000 	700,000 	1,400,000 	0 	85,000 	790,000 	85,000 	610,000 	1,050,000 	
AVG	2,533,662 	2,202,630 	137,309 	60,340 	0 	2,004,981 	483,918 	107,578 	470,619 	746,556 	196,311 	699,288 	697,921 	1,397,209 	0 	85,601 	794,945 	86,236 	621,226 	1,051,653 	kholst:
Assumes 900 Capacity w/ Maintenance: -130 for 1-2, 275 for 7th, -225 for 8-20, -250 for 21 = AVG -120 for month
SOUTHERN CALIFORNIA GAS COMPANY	PACIFIC GAS & ELECTRIC	EL PASO NORTH MAINLINE	EL PASO SOUTH MAINLINE	TRANSWESTERN	KERN/MOJAVE	
System Sendout	Annual Growth	Sendout Adjustments	New Plant Demand	EPNG Topock	EPNG Ehrenberg	TW Needles	Elk Hills Wheeler	Kern Wheeler	PG&E KRS	Southern Trails	Storage Recovery	California Production	Total Wheeler	Total Receipts	Daily Storage	Storage Balance	On-System Demand	Annual Growth	Demand Adjustments	New Plant Demand	Fuel	KRS	SWG	Total Demand	EPNG Topock	TW Topock	Kern Daggett	Total Baha	PGT Malin	California Production	Total Receipts	Daily Storage	Storage Balance	SJ Triangle	SJ West	Maricopa Crossover	North EOCs Other	New Generation	Hackberry	Havasu Croosover	SWG Topock	SoCal Topock	PG&E Topck	Mojave Topock	Keystone West	Waha West	Cornudas West	Line 2000	New Generation	Samalyuca	South EOCs	Wilcox Lateral	Fuel	Total Crossovers	SoCal Ehrenberg	TW Needles	TW PG&E	TW Mojave	TW EOC's	New Generation	TOTAL DELIVERIES	NW Plant Receipts	NW Inter- connects	UT/NV LDC's	LDC's Adjustments	EPNG Topock	TW Topock	California Production	New Generation	Cali End Users	End User Adjustment	Fuel	PG&E Daggett	SoCal Wheeler	TOTAL CA DELIVERIES	
May-97	2,216,129 	529,097 	708,258 	556,613 	294,871 	480,774 	170,968 	2,740,581 	480,774 	
Jun-97	2,185,300 	515,067 	697,833 	533,467 	268,533 	488,700 	207,167 	2,710,767 	488,700 	
Jul-97	2,460,935 	479,129 	843,290 	570,645 	196,419 	406,032 	192,935 	2,688,452 	406,032 	
Aug-97	2,513,839 	514,032 	759,774 	529,806 	195,613 	438,581 	187,871 	2,625,677 	438,581 	
Sep-97	2,709,567 	516,633 	973,200 	446,800 	248,300 	413,000 	186,400 	2,784,333 	413,000 	
Oct-97	2,319,903 	530,000 	726,935 	444,774 	230,968 	446,484 	198,065 	2,577,226 	446,484 	
Nov-97	2,419,633 	494,400 	575,733 	378,333 	231,300 	448,633 	193,267 	2,321,667 	448,633 	
Dec-97	3,118,516 	386,452 	538,806 	313,097 	131,903 	292,774 	194,516 	1,857,548 	292,774 	
Jan-98	2,979,710 	418,484 	700,484 	648,032 	156,161 	309,839 	193,581 	2,426,581 	309,839 	
Feb-98	3,107,286 	458,714 	647,607 	534,429 	153,107 	420,071 	181,500 	2,395,429 	420,071 	
Mar-98	2,722,355 	530,032 	719,742 	699,194 	275,452 	346,710 	181,226 	2,752,355 	346,710 	
Apr-98	2,586,867 	528,500 	678,367 	626,100 	385,933 	323,100 	202,967 	2,744,967 	323,100 	
May-98	#DIV/0!	523,536 	728,308 	672,644 	#DIV/0!	#DIV/0!	#DIV/0!	#DIV/0!	#DIV/0!	
Jun-98	#DIV/0!	524,943 	597,677 	676,326 	#DIV/0!	#DIV/0!	#DIV/0!	#DIV/0!	#DIV/0!	
Jul-98	#DIV/0!	530,441 	605,880 	658,084 	#DIV/0!	#DIV/0!	#DIV/0!	#DIV/0!	#DIV/0!	
Aug-98	2,905,968 	514,065 	981,774 	693,387 	242,968 	303,968 	256,871 	2,993,032 	303,968 	
Sep-98	2,551,133 	515,533 	732,233 	709,000 	310,900 	218,667 	245,621 	2,731,954 	218,667 	
Oct-98	2,319,484 	503,097 	874,452 	643,387 	267,194 	226,161 	199,032 	2,713,323 	226,161 	
Nov-98	2,501,400 	424,533 	963,900 	648,367 	218,433 	187,467 	186,833 	2,629,533 	128,133 	98,791,000 	187,467 	
Dec-98	3,137,767 	432,323 	1,045,581 	650,355 	161,387 	59,615 	191,806 	2,541,067 	(596,700)	81,080,000 	59,615 	
Jan-99	2,987,387 	481,806 	872,161 	605,000 	149,258 	100,043 	190,097 	2,398,366 	(589,021)	65,284,000 	100,043 	
Feb-99	2,933,071 	515,036 	681,107 	679,679 	215,893 	139,500 	185,607 	2,416,821 	(516,250)	52,783,000 	139,500 	
Mar-99	2,835,258 	533,161 	679,548 	552,806 	287,226 	280,806 	177,774 	2,511,323 	(323,935)	44,969,000 	280,806 	
Apr-99	2,801,267 	508,533 	685,933 	585,867 	309,800 	274,400 	179,967 	2,544,500 	(256,767)	38,789,000 	274,400 	
May-99	2,214,161 	520,871 	783,226 	573,419 	332,710 	325,323 	173,581 	2,709,129 	494,968 	56,057,000 	325,323 	
Jun-99	2,421,600 	530,300 	701,233 	613,433 	383,667 	362,200 	246,167 	2,837,000 	415,400 	68,397,000 	362,200 	
Jul-99	2,643,097 	523,065 	744,774 	663,452 	379,000 	362,613 	249,194 	2,922,097 	279,000 	77,117,000 	1,703,931 	362,613 	
Aug-99	2,706,516 	515,452 	569,613 	626,484 	483,387 	267,581 	264,097 	2,726,613 	20,097 	78,044,000 	1,901,036 	267,581 	
Sep-99	2,645,233 	509,567 	810,300 	677,400 	417,833 	254,300 	259,800 	2,929,200 	283,967 	86,618,000 	1,983,586 	254,300 	
Oct-99	2,964,097 	477,806 	1,037,419 	721,645 	389,774 	194,419 	255,903 	3,076,968 	112,871 	89,228,000 	2,175,452 	194,419 	
Nov-99	2,738,600 	237,200 	513,033 	943,800 	722,433 	329,067 	110,800 	261,500 	2,880,633 	142,033 	92,944,000 	2,223,552 	110,800 	145,931 	509,098 	
Dec-99	3,114,903 	(22,863)	469,904 	936,063 	695,831 	161,983 	137,157 	265,056 	2,665,993 	(448,910)	78,580,000 	2,764,258 	137,157 	200,931 	492,467 	
Jan-00	3,123,484 	136,097 	530,097 	871,548 	676,968 	197,065 	78,226 	257,645 	2,611,548 	(511,935)	62,970,000 	2,630,774 	78,226 	223,117 	551,215 	
Feb-00	3,069,448 	136,377 	535,103 	657,034 	674,586 	275,966 	163,931 	269,069 	2,575,690 	(493,759)	48,405,000 	2,454,207 	163,931 	155,633 	545,096 	
Mar-00	2,825,355 	(9,903)	527,710 	865,516 	684,710 	349,645 	223,226 	249,968 	2,900,774 	75,419 	49,222,000 	2,118,097 	223,226 	157,573 	499,623 	
Apr-00	2,422,967 	(378,300)	531,633 	778,567 	608,867 	461,900 	188,200 	245,300 	2,814,467 	391,500 	60,911,000 	1,763,167 	188,200 	178,718 	497,366 	
May-00	2,665,677 	451,516 	522,387 	651,290 	663,548 	490,516 	264,613 	229,613 	2,821,968 	156,290 	65,633,000 	1,902,387 	264,613 	180,959 	499,444 	
Jun-00	3,097,900 	676,300 	520,967 	963,267 	696,867 	391,067 	342,500 	252,067 	3,166,733 	68,833 	67,650,000 	2,096,667 	342,500 	209,334 	510,187 	
Jul-00	3,320,806 	677,710 	522,097 	1,043,258 	708,645 	392,903 	381,355 	246,645 	3,294,903 	(25,903)	66,434,000 	2,189,484 	485,553 	381,355 	223,909 	553,925 	
Aug-00	3,616,161 	909,645 	502,710 	957,452 	711,065 	344,000 	424,452 	271,290 	3,210,968 	(405,194)	53,831,000 	2,553,161 	652,126 	424,452 	260,117 	532,866 	
Sep-00	3,191,667 	546,433 	499,333 	1,093,733 	705,933 	350,100 	397,033 	265,033 	3,311,167 	119,500 	57,385,000 	2,501,233 	517,647 	397,033 	224,251 	588,744 	
Oct-00	3,104,806 	140,710 	511,613 	1,165,097 	703,613 	383,839 	312,290 	277,484 	3,353,935 	249,129 	65,292,000 	2,397,871 	222,419 	312,290 	225,459 	594,398 	
Nov-00	3,509,000 	770,400 	510,267 	1,094,700 	648,267 	269,167 	194,333 	306,533 	3,023,267 	(485,733)	50,042,000 	2,973,300 	749,748 	194,333 	308,003 	539,300 	
Dec-00	3,433,677 	318,774 	527,032 	1,181,935 	737,516 	391,710 	303,677 	297,452 	3,439,323 	5,645 	50,168,000 	2,880,935 	116,677 	303,677 	314,779 	506,352 	
Jan-01	4,231,161 	1,107,677 	533,194 	1,190,032 	756,613 	422,548 	330,484 	288,903 	3,521,774 	(709,387)	28,000,000 	3,040,290 	409,516 	330,484 	294,421 	522,310 	
Feb-01	4,093,750 	1,024,302 	532,214 	1,200,964 	770,893 	475,821 	283,179 	314,786 	3,577,857 	(515,893)	13,953,000 	2,828,393 	374,186 	283,179 	293,981 	463,800 	
Mar-01	3,280,839 	455,484 	536,645 	1,194,129 	784,742 	362,935 	370,452 	308,452 	3,557,355 	276,516 	22,111,000 	2,352,452 	234,355 	370,452 	50,461,500 	239,064 	409,429 	
Apr-01	3,126,345 	0%	703,378 	0 	501,241 	1,114,897 	776,621 	46,607 	460,379 	290,552 	262,379 	797,538 	3,452,676 	326,331 	31,900,940 	2,330,655 	0%	567,488 	0 	43,379 	290,552 	8,759 	2,673,345 	718,793 	81,517 	119,586 	919,896 	1,823,034 	202,759 	2,945,689 	272,344 	58,631,830 	2,564,948 	2,203,761 	115,820 	74,547 	0 	2,013,394 	459,840 	81,412 	501,241 	718,793 	252,108 	853,465 	577,572 	1,431,037 	0 	0 	69,300 	752,500 	0 	70,000 	575,660 	1,114,897 	776,621 	81,517 	17,962 	13,440 	30,674 	920,214 	629,900 	159,908 	171,158 	0 	252,108 	17,962 	141,484 	0 	415,351 	0 	34,888 	119,586 	460,379 	1,030,204 	
May-01	2,890,677 	0%	225,000 	0 	470,619 	1,051,653 	760,000 	140,000 	287,000 	349,000 	285,000 	776,000 	3,343,272 	452,595 	45,931,382 	2,102,387 	0%	200,000 	0 	43,000 	349,000 	10,000 	2,504,387 	746,556 	100,000 	128,908 	975,464 	1,790,000 	198,000 	2,963,464 	459,076 	72,863,200 	2,533,662 	2,202,630 	197,648 	60,340 	0 	2,004,981 	483,918 	107,578 	470,619 	746,556 	196,311 	699,288 	637,581 	1,336,870 	0 	0 	85,601 	794,945 	0 	86,236 	681,566 	1,051,653 	760,000 	100,000 	20,000 	10,000 	40,790 	930,790 	585,000 	160,000 	160,959 	(20,000)	196,311 	20,000 	65,000 	0 	429,444 	(70,000)	20,000 	128,908 	287,000 	795,352 	
Jun-01	3,197,900 	0%	100,000 	0 	530,000 	1,150,000 	750,000 	50,000 	425,000 	325,000 	25,000 	300,000 	800,000 	3,555,000 	357,100 	56,644,382 	2,246,667 	0%	150,000 	0 	40,000 	325,000 	10,000 	2,621,667 	540,000 	200,000 	95,479 	835,479 	1,775,000 	198,000 	2,808,479 	186,812 	78,467,570 	2,600,000 	2,200,000 	183,152 	50,000 	16,848 	2,000,000 	573,000 	107,000 	530,000 	540,000 	250,000 	900,000 	510,048 	1,410,048 	0 	16,200 	125,000 	800,000 	0 	75,000 	756,152 	1,150,000 	750,000 	200,000 	25,000 	10,000 	81,580 	1,066,580 	640,000 	140,000 	209,334 	0 	250,000 	25,000 	150,000 	0 	450,187 	(60,000)	25,000 	95,479 	425,000 	935,666 	
Jul-01	3,344,678 	0%	(50,000)	73,872 	430,000 	1,110,000 	750,000 	50,000 	425,000 	325,000 	50,000 	300,000 	800,000 	3,440,000 	95,322 	59,599,350 	2,320,696 	0%	100,000 	31,212 	40,000 	325,000 	10,000 	2,695,696 	750,000 	200,000 	12,166 	962,166 	1,775,000 	198,000 	2,935,166 	239,470 	85,891,144 	2,650,000 	2,200,000 	115,760 	38,000 	84,240 	2,000,000 	448,000 	122,000 	430,000 	750,000 	250,000 	900,000 	752,240 	1,652,240 	0 	81,000 	125,000 	825,000 	0 	75,000 	563,760 	1,110,000 	750,000 	200,000 	25,000 	10,000 	81,580 	1,066,580 	635,000 	140,000 	223,909 	0 	250,000 	25,000 	150,000 	0 	513,925 	(40,000)	25,000 	12,166 	425,000 	936,091 	
Aug-01	3,704,887 	0%	(50,000)	138,726 	430,000 	1,100,000 	750,000 	50,000 	425,000 	325,000 	50,000 	300,000 	800,000 	3,430,000 	(274,887)	51,077,844 	2,726,674 	0%	0 	173,513 	40,000 	325,000 	10,000 	3,101,674 	700,000 	200,000 	72,440 	972,440 	1,775,000 	198,000 	2,945,440 	(156,234)	81,047,875 	2,650,000 	2,200,000 	115,760 	51,000 	84,240 	2,000,000 	484,000 	136,000 	430,000 	700,000 	250,000 	950,000 	700,128 	1,650,128 	0 	84,888 	125,000 	825,000 	40,000 	75,000 	599,760 	1,100,000 	750,000 	200,000 	25,000 	10,000 	81,580 	1,066,580 	765,000 	140,000 	260,117 	0 	250,000 	25,000 	150,000 	14,577 	532,866 	0 	25,000 	72,440 	425,000 	1,069,883 	
Sep-01	3,344,545 	0%	(50,000)	202,878 	330,000 	1,070,000 	750,000 	50,000 	400,000 	325,000 	50,000 	300,000 	775,000 	3,275,000 	(69,545)	48,991,504 	2,674,746 	0%	0 	173,513 	40,000 	325,000 	10,000 	3,049,746 	800,000 	200,000 	19,118 	1,019,118 	1,775,000 	198,000 	2,992,118 	(57,628)	79,319,029 	2,650,000 	2,200,000 	115,760 	22,000 	84,240 	2,000,000 	486,000 	134,000 	330,000 	800,000 	250,000 	950,000 	683,680 	1,633,680 	0 	100,440 	125,000 	825,000 	40,000 	75,000 	601,760 	1,070,000 	750,000 	200,000 	25,000 	10,000 	81,580 	1,066,580 	765,000 	140,000 	224,251 	0 	250,000 	25,000 	150,000 	72,887 	588,744 	0 	25,000 	19,118 	400,000 	1,105,749 	
Oct-01	3,242,348 	0%	(50,000)	187,542 	400,000 	1,175,000 	750,000 	50,000 	400,000 	325,000 	50,000 	300,000 	775,000 	3,450,000 	207,652 	55,428,702 	2,569,202 	0%	0 	171,331 	40,000 	325,000 	10,000 	2,944,202 	800,000 	200,000 	22,256 	1,022,256 	1,775,000 	198,000 	2,995,256 	51,054 	80,901,697 	2,650,000 	2,200,000 	115,760 	38,000 	84,240 	2,000,000 	411,000 	139,000 	400,000 	800,000 	250,000 	950,000 	638,680 	1,588,680 	200,000 	100,440 	125,000 	800,000 	40,000 	75,000 	526,760 	1,175,000 	750,000 	200,000 	25,000 	10,000 	81,580 	1,066,580 	775,000 	140,000 	225,459 	0 	250,000 	25,000 	150,000 	72,887 	594,398 	0 	25,000 	22,256 	400,000 	1,114,541 	
Nov-01	3,263,580 	0%	(350,000)	104,580 	430,000 	1,175,000 	725,000 	50,000 	400,000 	325,000 	50,000 	300,000 	775,000 	3,455,000 	191,420 	61,171,302 	2,984,612 	0%	(100,000)	111,312 	40,000 	325,000 	10,000 	3,359,612 	800,000 	245,000 	43,977 	1,088,977 	1,800,000 	198,000 	3,086,977 	(272,635)	72,722,659 	2,650,000 	2,250,000 	93,840 	0 	56,160 	2,100,000 	417,000 	203,000 	430,000 	800,000 	250,000 	950,000 	671,120 	1,621,120 	200,000 	66,960 	125,000 	850,000 	40,000 	75,000 	510,840 	1,175,000 	725,000 	245,000 	25,000 	10,000 	54,387 	1,059,387 	810,000 	140,000 	308,003 	0 	250,000 	25,000 	150,000 	58,720 	539,300 	0 	25,000 	43,977 	400,000 	1,066,997 	
Dec-01	3,608,705 	0%	50,000 	125,028 	430,000 	1,150,000 	725,000 	50,000 	375,000 	325,000 	50,000 	300,000 	750,000 	3,405,000 	(203,705)	54,856,434 	2,895,156 	0%	(100,000)	114,221 	40,000 	325,000 	10,000 	3,270,156 	800,000 	245,000 	54,636 	1,099,636 	1,800,000 	198,000 	3,097,636 	(172,520)	67,374,544 	2,650,000 	2,250,000 	93,840 	0 	56,160 	2,100,000 	417,000 	203,000 	430,000 	800,000 	250,000 	950,000 	671,120 	1,621,120 	200,000 	66,960 	125,000 	875,000 	40,000 	75,000 	510,840 	1,150,000 	725,000 	245,000 	25,000 	10,000 	54,387 	1,059,387 	810,000 	140,000 	314,779 	0 	250,000 	25,000 	150,000 	99,233 	506,352 	0 	25,000 	54,636 	375,000 	1,060,221 	
Jan-02	3,916,413 	0%	(450,000)	135,252 	430,000 	1,100,000 	725,000 	50,000 	400,000 	325,000 	50,000 	300,000 	775,000 	3,380,000 	(536,413)	38,227,631 	3,055,965 	0%	(100,000)	115,675 	40,000 	325,000 	10,000 	3,430,965 	800,000 	245,000 	34,036 	1,079,036 	1,800,000 	198,000 	3,077,036 	(353,929)	56,402,752 	2,650,000 	2,250,000 	93,840 	0 	56,160 	2,100,000 	373,000 	247,000 	430,000 	800,000 	250,000 	950,000 	665,120 	1,615,120 	200,000 	66,960 	125,000 	875,000 	40,000 	75,000 	466,840 	1,100,000 	725,000 	245,000 	25,000 	10,000 	54,387 	1,059,387 	810,000 	140,000 	294,421 	0 	250,000 	25,000 	150,000 	99,233 	522,310 	0 	25,000 	34,036 	400,000 	1,080,579 	
Feb-02	3,679,002 	0%	(550,000)	135,252 	500,000 	1,100,000 	725,000 	50,000 	400,000 	325,000 	50,000 	300,000 	775,000 	3,450,000 	(229,002)	31,815,575 	2,844,068 	0%	(100,000)	115,675 	40,000 	325,000 	10,000 	3,219,068 	730,000 	245,000 	92,986 	1,067,986 	1,800,000 	198,000 	3,065,986 	(153,082)	52,116,463 	2,650,000 	2,250,000 	93,840 	0 	56,160 	2,100,000 	380,000 	240,000 	500,000 	730,000 	250,000 	950,000 	663,520 	1,613,520 	200,000 	72,360 	125,000 	875,000 	40,000 	75,000 	473,840 	1,100,000 	725,000 	245,000 	25,000 	10,000 	54,387 	1,059,387 	810,000 	140,000 	293,981 	0 	250,000 	25,000 	150,000 	99,233 	463,800 	0 	25,000 	92,986 	400,000 	1,081,019 	
Mar-02	3,235,419 	0%	(150,000)	104,580 	530,000 	1,100,000 	725,000 	50,000 	425,000 	325,000 	50,000 	300,000 	800,000 	3,505,000 	269,581 	40,172,586 	2,363,764 	0%	(100,000)	111,312 	40,000 	325,000 	10,000 	2,738,764 	700,000 	245,000 	167,166 	1,112,166 	1,800,000 	198,000 	3,110,166 	371,402 	63,629,914 	2,650,000 	2,250,000 	93,840 	0 	56,160 	2,100,000 	438,000 	182,000 	530,000 	700,000 	250,000 	950,000 	577,120 	1,527,120 	200,000 	93,960 	125,000 	825,000 	40,000 	75,000 	531,840 	1,100,000 	725,000 	245,000 	25,000 	10,000 	54,387 	1,059,387 	810,000 	140,000 	239,064 	0 	250,000 	25,000 	150,000 	109,341 	409,429 	0 	25,000 	167,166 	425,000 	1,135,936 	
Apr-02	
CAP. (Win)	150,000 	2,010,000 	550,000 	800,000 	400,000 	300,000 	1,090,000 	825,000 	
Cap. (Sum)	725,000 	
SoCal	PG&E	SJ Triangle	2,850 	
Bear	Expected	Bear	Expected	2,001 	2,000 	Diff	
May-01	150,000 	150,000 	225,000 	225,000 	SJ West	Navajo	2,350 	South EOC	800,000 	543,698 	256,302 	
Jun-01	150,000 	150,000 	200,000 	200,000 	Hackberry	2,200 	North EOC	61,000 	50,300 	10,700 	
Jul-01	100,000 	100,000 	150,000 	150,000 	SWG Topock	104,000 	122,000 	(18,000)	
Aug-01	0 	50,000 	0 	0 	SJ East	Plains Station	650 	SoCal	2,850,000 	2,666,000 	184,000 	
Sep-01	0 	50,000 	(100,000)	0 	PG&E	2,100,000 	1,902,000 	198,000 	
Oct-01	0 	50,000 	(100,000)	0 	Keystone West	Pecos River Station	631,002 	
Nov-01	(300,000)	(200,000)	(100,000)	0 	
Dec-01	100,000 	200,000 	(100,000)	0 	Cornudas West	1,650 	
Jan-02	(400,000)	(300,000)	(100,000)	0 	Keystone West	800 - 1100	
Feb-02	(500,000)	(400,000)	(100,000)	0 	Waha West	750 	
Mar-02	(100,000)	0 	(100,000)	0 	kholst:
This assumes that backbone expansion of 85 + 40 is completed, BUT Kern/Maj doesn't have enought gas to fill it
kholst:
Montebello 23Bcf at rate of 50,000 per day
kholst:
Capacity reduced to 800 June 10-30.  Avg for month will be 866
kholst:
Emergency Expansion
kholst:
Assumes 900 Capacity w/ Maintenance: -130 for 1-2, 275 for 7th, -225 for 8-20, -250 for 21 = AVG -120 for month
kholst:
Assumes maintenace: West thoreau -120 for 1-7 & 13-24, -370 for 8-12 = 133 AVG for month
kholst:
Reduced to meet Baha maintenance constraint. See not in PGE section.
PLANT	DATE	MW	HEAT RATE	GAS	PIPELINE	STATE	ZONE	OWNER	NOTES	
South Point	Apr-01	545	6,930 	90,644 	EPNG & TW	Arizona	TW - Right before Needles	Calpine	Plan to byt TW gas only because of EPNG cuts	
Griffith	Jun-01	520	7,000 	87,360 	EPNG & TW	Arizona	Northmainline - between Seligman Station and Hackberry  Also on TW	PP&L/Duke	
Desert Basin	Jun-01	500	7,500 	90,000 	EPNG	Arizona	Southmainline - between Tuscon Station and Casa Grande Station	Reliant	60,000 	Mojave	LaPaloma	
Tri Center Power Plant	Jun-01	360	Nevada	Renoe	60,000 	Oxy	
Los Medanos	Jul-01	500	6,950 	83,400 	PG&E	California	Calpine	50,000 	Kern	
Sutter	Jul-01	500	7,500 	90,000 	PG&E	California	Calpine	Rumor that LaPaloma will not start until June'02	
Larkspur Energy (Peaker)	Jul-01	90	10,000 	21,600 	SoCal	California	SoCal	San Diego - peaker	
Indigo Energy (Peaker)	Jul-01	135	10,000 	32,400 	SoCal	California	SoCal	Palm Springs -peaker	
Huntington Beach (Restart)	Aug-01	450	9,000 	97,200 	SoCal	California	SoCal	
United Golden Gate (Peaker)	Aug-01	51	10,000 	12,240 	PG&E	California	PGE	ElPaso	San Fran - peaker	
Alliance Century & Drews (Peaker)	Aug-01	80	10,000 	19,200 	SoCal	California	SoCal	Alliance	Colton (LA) - peaker	
King City Peaker	Aug-01	50	10,000 	12,000 	PGE	California	PGE	Calpine	King City - peaker	
Rosarita	Aug-01	550	6,750 	89,100 	SoCal	Mexico	SoCal	Served by SDGE	
Sunrise I	Aug-01	320	10,545 	80,986 	Kern	California	Kern&PG&E?	
West Phoenix Upgrade I	Aug-01	120	7,500 	21,600 	EPNG	Arizona	
La Paloma I	Nov-01	521	6,750 	84,402 	Kern	California	
Kyrene (Oasis)	Feb-02	250	7,500 	45,000 	EPNG	Nevada	Southmainline	Oasis LLC	City of Tempe (Phoenix)	
La Paloma II	Mar-02	520	6,750 	84,240 	Kern	California	
Sunrise II	Jan-03	240	Kern	California	
West Phoenix Upgrade II	Jun-03	500	7,500 	90,000 	EPNG	Arizona	
West Phoenix 5 Upgrade	Aug-03	500	7,500 	90,000 	EPNG	Arizona	
Grigs List Problems:	1. W Phoenix 4 s/b 120 MW	Questions:  Will Huntington Beach 3-4 be back this summer?	
2. Hermosillo cannot find this one	                                                                     	
Jeff Oh (503-464-7789)	3. APS W. Phoenix cannot find	El Segundo Generating considering replacing 1-2 with new units - net increase of 280 MW)	
4. Naco-Nogales cannot find	
5. Panda Gila is Dec-02 start	
PLANT	South Point	Griffith	Desert Basin	Tri Centre Power Plant	Los Medanos	Sutter	Larkspur Energy (Peaker)	Indigo Energy (Peaker)	HuntingtonBeach 3&4 Restart	United Golden Gate (Peaker)	Alliance Drews & Century (Peakers)	King City (Peaker)	Rosarita	Sunrise I	West Phoenix Upgrade I	La Paloma I	Kyrene (Oasis)	La Paloma II	
OWNER	Calpine	PP&L/Duke	Reliant	Calpine	Calpine	APS	Oasis LLC	
DATE	Apr-01	Jun-01	Jun-01	Jun-01	Jul-01	Jul-01	Jul-01	Jul-01	Jul-01	Aug-01	Aug-01	Aug-01	Aug-01	Aug-01	Aug-01	Nov-01	Feb-02	Mar-02	
MW	545 	520 	500 	360 	500 	500 	90 	135 	450 	51 	80 	50 	550 	320 	120 	521 	250 	520 	
HEAT RATE	6,930 	7,500 	7,500 	6,950 	7,500 	10,000 	10,000 	9,000 	10,000 	10,000 	10,000 	6,750 	10,545 	7,500 	6,750 	7,500 	6,750 	
GAS	90,644 	93,600 	90,000 	83,400 	90,000 	21,600 	32,400 	97,200 	12,240 	19,200 	12,000 	89,100 	80,986 	21,600 	84,402 	45,000 	84,240 	
PIPELINE	TW	EPNG & TW	EPNG	PG&E	PG&E	SoCal	SoCal	SoCal	PGE	SoCal	SoCal	SoCal	Kern	EPNG	Kern	EPNG	Kern	
ZONE	TOTAL	EP South	EP South MW	EP North	EP North MW	TW	TW MW	Kern	Kern MW	SoCal	SoCal MW	PG&E	PG&E MW	TW	TW MW	EP North	EP North MW	EP South	EP South MW	PG&E	PG&E MW	PG&E	PG&E MW	SoCal	SoCal MW	SoCal	SoCal MW	SoCal	SoCal MW	PG&E	PG&E MW	SoCal	SoCal MW	PG&E	PG&E MW	SoCal	SoCal MW	Kern	Kern MW	EP South	EP South MW	Kern	Kern MW	EP South	EP South MW	Kern	Kern MW	
Gas	MW	Gas	MW	Load Factor	Gas	MW	Load Factor	Gas	MW	Load Factor	Gas	MW	Load Factor	Gas	MW	Load Factor	Gas	MW	Load Factor	Gas	MW	Load Factor	Gas	MW	Load Factor	Gas	MW	Load Factor	Gas	MW	Load Factor	Gas	MW	Load Factor	Gas	MW	Load Factor	Gas	MW	Load Factor	Gas	MW	Load Factor	Gas	MW	Load Factor	Gas	MW	Load Factor	Gas	MW	Load Factor	Gas	MW	Load Factor	Gas	MW	Load Factor	Gas	MW	Load Factor	Gas	MW	Load Factor	Gas	MW	Load Factor	Gas	MW	Load Factor	Gas	MW	Load Factor	
Apr-01	30,674 	184 	0 	0 	90%	0 	0 	90%	30,674 	184 	90%	0 	0 	90%	0 	0 	90%	0 	0 	90%	34,082 	205 	38%	0 	0 	0%	0 	0 	0%	0 	0 	0%	0 	0 	0%	0 	0 	0%	0 	0 	0%	0 	0 	0%	0 	0 	0%	0 	0 	0%	0 	0 	0%	0 	0 	0%	0 	0 	0%	0 	0 	0%	0 	0 	0%	0 	0 	0%	0 	0 	0%	
May-01	40,790 	245 	0 	0 	90%	0 	0 	90%	40,790 	245 	90%	0 	0 	90%	0 	0 	90%	0 	0 	90%	45,322 	273 	50%	0 	0 	0%	0 	0 	0%	0 	0 	0%	0 	0 	0%	0 	0 	0%	0 	0 	0%	0 	0 	0%	0 	0 	0%	0 	0 	0%	0 	0 	0%	0 	0 	0%	0 	0 	0%	0 	0 	0%	0 	0 	0%	0 	0 	0%	0 	0 	0%	
Jun-01	114,628 	674 	16,200 	90 	90%	16,848 	94 	90%	81,580 	491 	90%	0 	0 	90%	0 	0 	90%	0 	0 	90%	90,644 	545 	100%	18,720 	104 	20%	18,000 	100 	20%	0 	0 	0%	0 	0 	0%	0 	0 	0%	0 	0 	0%	0 	0 	0%	0 	0 	0%	0 	0 	0%	0 	0 	0%	0 	0 	0%	0 	0 	0%	0 	0 	0%	0 	0 	0%	0 	0 	0%	0 	0 	0%	
Jul-01	351,904 	1,913 	81,000 	450 	90%	84,240 	468 	90%	81,580 	491 	90%	0 	0 	90%	73,872 	324 	90%	31,212 	180 	90%	90,644 	545 	100%	93,600 	520 	100%	90,000 	500 	100%	16,680 	100 	20%	18,000 	100 	20%	17,280 	72 	80%	25,920 	108 	80%	38,880 	180 	40%	0 	0 	80%	0 	0 	80%	0 	0 	80%	0 	0 	0%	0 	0 	0%	0 	0 	0%	0 	0 	0%	0 	0 	0%	0 	0 	0%	
Aug-01	577,524 	3,103 	84,888 	472 	90%	84,240 	468 	90%	81,580 	491 	90%	14,577 	58 	90%	138,726 	643 	90%	173,513 	973 	90%	90,644 	545 	100%	93,600 	520 	100%	90,000 	500 	100%	83,400 	500 	100%	90,000 	500 	100%	17,280 	72 	80%	25,920 	108 	80%	77,760 	360 	80%	9,792 	41 	80%	15,360 	64 	80%	9,600 	40 	80%	17,820 	110 	20%	16,197 	64 	20%	4,320 	24 	20%	0 	0 	0%	0 	0 	0%	0 	0 	0%	
Sep-01	715,538 	3,816 	100,440 	558 	90%	84,240 	468 	90%	81,580 	491 	90%	72,887 	288 	90%	202,878 	1,039 	90%	173,513 	973 	90%	90,644 	545 	100%	93,600 	520 	100%	90,000 	500 	100%	83,400 	500 	100%	90,000 	500 	100%	17,280 	72 	80%	25,920 	108 	80%	77,760 	360 	80%	9,792 	41 	80%	15,360 	64 	80%	9,600 	40 	80%	89,100 	550 	100%	80,986 	320 	100%	21,600 	120 	100%	0 	0 	0%	0 	0 	0%	0 	0 	0%	
Oct-01	698,020 	3,739 	100,440 	558 	90%	84,240 	468 	90%	81,580 	491 	90%	72,887 	288 	90%	187,542 	971 	90%	171,331 	964 	90%	90,644 	545 	100%	93,600 	520 	100%	90,000 	500 	100%	83,400 	500 	100%	90,000 	500 	100%	15,120 	63 	70%	22,680 	95 	70%	68,040 	315 	70%	8,568 	36 	70%	13,440 	56 	70%	8,400 	35 	70%	89,100 	550 	100%	80,986 	320 	100%	21,600 	120 	100%	0 	0 	0%	0 	0 	0%	0 	0 	0%	
Nov-01	452,118 	2,452 	66,960 	372 	60%	56,160 	312 	60%	54,387 	327 	60%	58,720 	255 	60%	104,580 	557 	60%	111,312 	630 	60%	90,644 	545 	100%	93,600 	520 	100%	90,000 	500 	100%	83,400 	500 	100%	90,000 	500 	100%	10,800 	45 	50%	16,200 	68 	50%	48,600 	225 	50%	6,120 	26 	50%	9,600 	40 	50%	6,000 	25 	50%	89,100 	550 	100%	80,986 	320 	100%	21,600 	120 	100%	16,880 	104 	20%	0 	0 	0%	0 	0 	0%	
Dec-01	515,988 	2,805 	66,960 	372 	60%	56,160 	312 	60%	54,387 	327 	60%	99,233 	505 	60%	125,028 	647 	60%	114,221 	642 	60%	90,644 	545 	100%	93,600 	520 	100%	90,000 	500 	100%	83,400 	500 	100%	90,000 	500 	100%	15,120 	63 	70%	22,680 	95 	70%	68,040 	315 	70%	8,568 	36 	70%	13,440 	56 	70%	8,400 	35 	70%	89,100 	550 	100%	80,986 	320 	100%	21,600 	120 	100%	84,402 	521 	100%	0 	0 	0%	0 	0 	0%	
Jan-02	527,666 	2,856 	66,960 	372 	60%	56,160 	312 	60%	54,387 	327 	60%	99,233 	505 	60%	135,252 	692 	60%	115,675 	648 	60%	90,644 	545 	100%	93,600 	520 	100%	90,000 	500 	100%	83,400 	500 	100%	90,000 	500 	100%	17,280 	72 	80%	25,920 	108 	80%	77,760 	360 	80%	9,792 	41 	80%	15,360 	64 	80%	9,600 	40 	80%	89,100 	550 	100%	80,986 	320 	100%	21,600 	120 	100%	84,402 	521 	100%	0 	0 	0%	0 	0 	0%	
Feb-02	533,066 	2,886 	72,360 	402 	60%	56,160 	312 	60%	54,387 	327 	60%	99,233 	505 	60%	135,252 	692 	60%	115,675 	648 	60%	90,644 	545 	100%	93,600 	520 	100%	90,000 	500 	100%	83,400 	500 	100%	90,000 	500 	100%	17,280 	72 	80%	25,920 	108 	80%	77,760 	360 	80%	9,792 	41 	80%	15,360 	64 	80%	9,600 	40 	80%	89,100 	550 	100%	80,986 	320 	100%	21,600 	120 	100%	84,402 	521 	100%	9,000 	50 	20%	0 	0 	0%	
Mar-02	529,740 	2,915 	93,960 	522 	60%	56,160 	312 	60%	54,387 	327 	60%	109,341 	567 	60%	104,580 	557 	60%	111,312 	630 	60%	90,644 	545 	100%	93,600 	520 	100%	90,000 	500 	100%	83,400 	500 	100%	90,000 	500 	100%	10,800 	45 	50%	16,200 	68 	50%	48,600 	225 	50%	6,120 	26 	50%	9,600 	40 	50%	6,000 	25 	50%	89,100 	550 	100%	80,986 	320 	100%	21,600 	120 	100%	84,402 	521 	100%	45,000 	250 	100%	16,848 	104 	20%	
Apr-02	1,028,148 	5,616 	156,600 	870 	100%	93,600 	520 	100%	90,644 	545 	100%	249,628 	1,361 	100%	242,460 	1,230 	100%	195,216 	1,091 	100%	90,644 	545 	100%	93,600 	520 	100%	90,000 	500 	100%	83,400 	500 	100%	90,000 	500 	100%	19,440 	81 	90%	29,160 	122 	90%	87,480 	405 	90%	11,016 	46 	90%	17,280 	72 	90%	10,800 	45 	90%	89,100 	550 	100%	80,986 	320 	100%	21,600 	120 	100%	84,402 	521 	100%	45,000 	250 	100%	84,240 	520 	100%	
May-02	1,028,148 	5,616 	156,600 	870 	100%	93,600 	520 	100%	90,644 	545 	100%	249,628 	1,361 	100%	242,460 	1,230 	100%	195,216 	1,091 	100%	90,644 	545 	100%	93,600 	520 	100%	90,000 	500 	100%	83,400 	500 	100%	90,000 	500 	100%	19,440 	81 	90%	29,160 	122 	90%	87,480 	405 	90%	11,016 	46 	90%	17,280 	72 	90%	10,800 	45 	90%	89,100 	550 	100%	80,986 	320 	100%	21,600 	120 	100%	84,402 	521 	100%	45,000 	250 	100%	84,240 	520 	100%	
Jun-02	1,028,148 	5,616 	156,600 	870 	100%	93,600 	520 	100%	90,644 	545 	100%	249,628 	1,361 	100%	242,460 	1,230 	100%	195,216 	1,091 	100%	90,644 	545 	100%	93,600 	520 	100%	90,000 	500 	100%	83,400 	500 	100%	90,000 	500 	100%	19,440 	81 	90%	29,160 	122 	90%	87,480 	405 	90%	11,016 	46 	90%	17,280 	72 	90%	10,800 	45 	90%	89,100 	550 	100%	80,986 	320 	100%	21,600 	120 	100%	84,402 	521 	100%	45,000 	250 	100%	84,240 	520 	100%	
Jul-02	1,028,148 	5,616 	156,600 	870 	100%	93,600 	520 	100%	90,644 	545 	100%	249,628 	1,361 	100%	242,460 	1,230 	100%	195,216 	1,091 	100%	90,644 	545 	100%	93,600 	520 	100%	90,000 	500 	100%	83,400 	500 	100%	90,000 	500 	100%	19,440 	81 	90%	29,160 	122 	90%	87,480 	405 	90%	11,016 	46 	90%	17,280 	72 	90%	10,800 	45 	90%	89,100 	550 	100%	80,986 	320 	100%	21,600 	120 	100%	84,402 	521 	100%	45,000 	250 	100%	84,240 	520 	100%	
Aug-02	1,028,148 	5,616 	156,600 	870 	100%	93,600 	520 	100%	90,644 	545 	100%	249,628 	1,361 	100%	242,460 	1,230 	100%	195,216 	1,091 	100%	90,644 	545 	100%	93,600 	520 	100%	90,000 	500 	100%	83,400 	500 	100%	90,000 	500 	100%	19,440 	81 	90%	29,160 	122 	90%	87,480 	405 	90%	11,016 	46 	90%	17,280 	72 	90%	10,800 	45 	90%	89,100 	550 	100%	80,986 	320 	100%	21,600 	120 	100%	84,402 	521 	100%	45,000 	250 	100%	84,240 	520 	100%	
Sep-02	1,028,148 	5,616 	156,600 	870 	100%	93,600 	520 	100%	90,644 	545 	100%	249,628 	1,361 	100%	242,460 	1,230 	100%	195,216 	1,091 	100%	90,644 	545 	100%	93,600 	520 	100%	90,000 	500 	100%	83,400 	500 	100%	90,000 	500 	100%	19,440 	81 	90%	29,160 	122 	90%	87,480 	405 	90%	11,016 	46 	90%	17,280 	72 	90%	10,800 	45 	90%	89,100 	550 	100%	80,986 	320 	100%	21,600 	120 	100%	84,402 	521 	100%	45,000 	250 	100%	84,240 	520 	100%	
Oct-02	1,028,148 	5,616 	156,600 	870 	100%	93,600 	520 	100%	90,644 	545 	100%	249,628 	1,361 	100%	242,460 	1,230 	100%	195,216 	1,091 	100%	90,644 	545 	100%	93,600 	520 	100%	90,000 	500 	100%	83,400 	500 	100%	90,000 	500 	100%	19,440 	81 	90%	29,160 	122 	90%	87,480 	405 	90%	11,016 	46 	90%	17,280 	72 	90%	10,800 	45 	90%	89,100 	550 	100%	80,986 	320 	100%	21,600 	120 	100%	84,402 	521 	100%	45,000 	250 	100%	84,240 	520 	100%	
Nov-02	1,028,148 	5,616 	156,600 	870 	100%	93,600 	520 	100%	90,644 	545 	100%	249,628 	1,361 	100%	242,460 	1,230 	100%	195,216 	1,091 	100%	90,644 	545 	100%	93,600 	520 	100%	90,000 	500 	100%	83,400 	500 	100%	90,000 	500 	100%	19,440 	81 	90%	29,160 	122 	90%	87,480 	405 	90%	11,016 	46 	90%	17,280 	72 	90%	10,800 	45 	90%	89,100 	550 	100%	80,986 	320 	100%	21,600 	120 	100%	84,402 	521 	100%	45,000 	250 	100%	84,240 	520 	100%	
Dec-02	1,028,148 	5,616 	156,600 	870 	100%	93,600 	520 	100%	90,644 	545 	100%	249,628 	1,361 	100%	242,460 	1,230 	100%	195,216 	1,091 	100%	90,644 	545 	100%	93,600 	520 	100%	90,000 	500 	100%	83,400 	500 	100%	90,000 	500 	100%	19,440 	81 	90%	29,160 	122 	90%	87,480 	405 	90%	11,016 	46 	90%	17,280 	72 	90%	10,800 	45 	90%	89,100 	550 	100%	80,986 	320 	100%	21,600 	120 	100%	84,402 	521 	100%	45,000 	250 	100%	84,240 	520 	100%	
Jan-03	1,028,148 	5,616 	156,600 	870 	100%	93,600 	520 	100%	90,644 	545 	100%	249,628 	1,361 	100%	242,460 	1,230 	100%	195,216 	1,091 	100%	90,644 	545 	100%	93,600 	520 	100%	90,000 	500 	100%	83,400 	500 	100%	90,000 	500 	100%	19,440 	81 	90%	29,160 	122 	90%	87,480 	405 	90%	11,016 	46 	90%	17,280 	72 	90%	10,800 	45 	90%	89,100 	550 	100%	80,986 	320 	100%	21,600 	120 	100%	84,402 	521 	100%	45,000 	250 	100%	84,240 	520 	100%	
Feb-03	1,028,148 	5,616 	156,600 	870 	100%	93,600 	520 	100%	90,644 	545 	100%	249,628 	1,361 	100%	242,460 	1,230 	100%	195,216 	1,091 	100%	90,644 	545 	100%	93,600 	520 	100%	90,000 	500 	100%	83,400 	500 	100%	90,000 	500 	100%	19,440 	81 	90%	29,160 	122 	90%	87,480 	405 	90%	11,016 	46 	90%	17,280 	72 	90%	10,800 	45 	90%	89,100 	550 	100%	80,986 	320 	100%	21,600 	120 	100%	84,402 	521 	100%	45,000 	250 	100%	84,240 	520 	100%	
Mar-03	1,028,148 	5,616 	156,600 	870 	100%	93,600 	520 	100%	90,644 	545 	100%	249,628 	1,361 	100%	242,460 	1,230 	100%	195,216 	1,091 	100%	90,644 	545 	100%	93,600 	520 	100%	90,000 	500 	100%	83,400 	500 	100%	90,000 	500 	100%	19,440 	81 	90%	29,160 	122 	90%	87,480 	405 	90%	11,016 	46 	90%	17,280 	72 	90%	10,800 	45 	90%	89,100 	550 	100%	80,986 	320 	100%	21,600 	120 	100%	84,402 	521 	100%	45,000 	250 	100%	84,240 	520 	100%	
Apr-03	1,028,148 	5,616 	156,600 	870 	100%	93,600 	520 	100%	90,644 	545 	100%	249,628 	1,361 	100%	242,460 	1,230 	100%	195,216 	1,091 	100%	90,644 	545 	100%	93,600 	520 	100%	90,000 	500 	100%	83,400 	500 	100%	90,000 	500 	100%	19,440 	81 	90%	29,160 	122 	90%	87,480 	405 	90%	11,016 	46 	90%	17,280 	72 	90%	10,800 	45 	90%	89,100 	550 	100%	80,986 	320 	100%	21,600 	120 	100%	84,402 	521 	100%	45,000 	250 	100%	84,240 	520 	100%	
May-03	1,028,148 	5,616 	156,600 	870 	100%	93,600 	520 	100%	90,644 	545 	100%	249,628 	1,361 	100%	242,460 	1,230 	100%	195,216 	1,091 	100%	90,644 	545 	100%	93,600 	520 	100%	90,000 	500 	100%	83,400 	500 	100%	90,000 	500 	100%	19,440 	81 	90%	29,160 	122 	90%	87,480 	405 	90%	11,016 	46 	90%	17,280 	72 	90%	10,800 	45 	90%	89,100 	550 	100%	80,986 	320 	100%	21,600 	120 	100%	84,402 	521 	100%	45,000 	250 	100%	84,240 	520 	100%	
Jun-03	1,028,148 	5,616 	156,600 	870 	100%	93,600 	520 	100%	90,644 	545 	100%	249,628 	1,361 	100%	242,460 	1,230 	100%	195,216 	1,091 	100%	90,644 	545 	100%	93,600 	520 	100%	90,000 	500 	100%	83,400 	500 	100%	90,000 	500 	100%	19,440 	81 	90%	29,160 	122 	90%	87,480 	405 	90%	11,016 	46 	90%	17,280 	72 	90%	10,800 	45 	90%	89,100 	550 	100%	80,986 	320 	100%	21,600 	120 	100%	84,402 	521 	100%	45,000 	250 	100%	84,240 	520 	100%	
Jul-03	1,028,148 	5,616 	156,600 	870 	100%	93,600 	520 	100%	90,644 	545 	100%	249,628 	1,361 	100%	242,460 	1,230 	100%	195,216 	1,091 	100%	90,644 	545 	100%	93,600 	520 	100%	90,000 	500 	100%	83,400 	500 	100%	90,000 	500 	100%	19,440 	81 	90%	29,160 	122 	90%	87,480 	405 	90%	11,016 	46 	90%	17,280 	72 	90%	10,800 	45 	90%	89,100 	550 	100%	80,986 	320 	100%	21,600 	120 	100%	84,402 	521 	100%	45,000 	250 	100%	84,240 	520 	100%	
Aug-03	1,028,148 	5,616 	156,600 	870 	100%	93,600 	520 	100%	90,644 	545 	100%	249,628 	1,361 	100%	242,460 	1,230 	100%	195,216 	1,091 	100%	90,644 	545 	100%	93,600 	520 	100%	90,000 	500 	100%	83,400 	500 	100%	90,000 	500 	100%	19,440 	81 	90%	29,160 	122 	90%	87,480 	405 	90%	11,016 	46 	90%	17,280 	72 	90%	10,800 	45 	90%	89,100 	550 	100%	80,986 	320 	100%	21,600 	120 	100%	84,402 	521 	100%	45,000 	250 	100%	84,240 	520 	100%	
Sep-03	1,028,148 	5,616 	156,600 	870 	100%	93,600 	520 	100%	90,644 	545 	100%	249,628 	1,361 	100%	242,460 	1,230 	100%	195,216 	1,091 	100%	90,644 	545 	100%	93,600 	520 	100%	90,000 	500 	100%	83,400 	500 	100%	90,000 	500 	100%	19,440 	81 	90%	29,160 	122 	90%	87,480 	405 	90%	11,016 	46 	90%	17,280 	72 	90%	10,800 	45 	90%	89,100 	550 	100%	80,986 	320 	100%	21,600 	120 	100%	84,402 	521 	100%	45,000 	250 	100%	84,240 	520 	100%	
Oct-03	1,028,148 	5,616 	156,600 	870 	100%	93,600 	520 	100%	90,644 	545 	100%	249,628 	1,361 	100%	242,460 	1,230 	100%	195,216 	1,091 	100%	90,644 	545 	100%	93,600 	520 	100%	90,000 	500 	100%	83,400 	500 	100%	90,000 	500 	100%	19,440 	81 	90%	29,160 	122 	90%	87,480 	405 	90%	11,016 	46 	90%	17,280 	72 	90%	10,800 	45 	90%	89,100 	550 	100%	80,986 	320 	100%	21,600 	120 	100%	84,402 	521 	100%	45,000 	250 	100%	84,240 	520 	100%	
Nov-03	1,028,148 	5,616 	156,600 	870 	100%	93,600 	520 	100%	90,644 	545 	100%	249,628 	1,361 	100%	242,460 	1,230 	100%	195,216 	1,091 	100%	90,644 	545 	100%	93,600 	520 	100%	90,000 	500 	100%	83,400 	500 	100%	90,000 	500 	100%	19,440 	81 	90%	29,160 	122 	90%	87,480 	405 	90%	11,016 	46 	90%	17,280 	72 	90%	10,800 	45 	90%	89,100 	550 	100%	80,986 	320 	100%	21,600 	120 	100%	84,402 	521 	100%	45,000 	250 	100%	84,240 	520 	100%	
Dec-03	1,028,148 	5,616 	156,600 	870 	100%	93,600 	520 	100%	90,644 	545 	100%	249,628 	1,361 	100%	242,460 	1,230 	100%	195,216 	1,091 	100%	90,644 	545 	100%	93,600 	520 	100%	90,000 	500 	100%	83,400 	500 	100%	90,000 	500 	100%	19,440 	81 	90%	29,160 	122 	90%	87,480 	405 	90%	11,016 	46 	90%	17,280 	72 	90%	10,800 	45 	90%	89,100 	550 	100%	80,986 	320 	100%	21,600 	120 	100%	84,402 	521 	100%	45,000 	250 	100%	84,240 	520 	100%	
0 	0 	0 	0 	0 	0 	
0 	0 	0 	0 	0 	0 	PIPELINE	DATE	VOLUME	RECEIPT	DELIVERY	
Kern	Jul-01	135,000 	Rockies	California	
Kern	May-03	900,000 	Rockies	California	
EPNG - All American	Oct-01	230,000 	Perm	Ehrenburg	
Southern Trails	May-02	80,000 	South TransColorado	Into SoCal	Maybe as late as July	
Wilcox	Aug-01	130,000 	South Mainline	To Mexico	